18
卫戏宋
18997640606
976406
62272897640606089
0
谢力宜
18908126435
060812
62272812643584712
0
谢初天
18984714093
643584
62272840936507280
0
窦帝洪
18965072821
714093
62272821587567369
0
严雅无
18974160638
215875
62272895200953891
0
柏相性
18953891037
160638
62272857463537563
0
孙黄力
18900470057
109520
62272897127135412
0
chen
12345678909
123456
62272840554820056
1100
ming
12345678901
123456
62272818987191253
100
long
12345678903
123456
62272884169378878
0
loi
12345678906
123456
62272863913255939
0
hihi
12345612345
123456
62272877484785132
0
ute
12345678966
123456
62272875362448039
0
jiji
12312312355
123456
62272869998710243
0
mh
12345678964
123456
62272888342405722
0
mi
12312312344
123456
62272803121678134
0
hjhj
12121212121
123456
62272857482330172
0
lolol
12312312377
123456
62272898194372326
900
